[-2.00000000e-07 -1.98662207e-07 -1.97324415e-07 -1.95986622e-07
 -1.94648829e-07 -1.93311037e-07 -1.91973244e-07 -1.90635452e-07
 -1.89297659e-07 -1.87959866e-07 -1.86622074e-07 -1.85284281e-07
 -1.83946488e-07 -1.82608696e-07 -1.81270903e-07 -1.79933110e-07
 -1.78595318e-07 -1.77257525e-07 -1.75919732e-07 -1.74581940e-07
 -1.73244147e-07 -1.71906355e-07 -1.70568562e-07 -1.69230769e-07
 -1.67892977e-07 -1.66555184e-07 -1.65217391e-07 -1.63879599e-07
 -1.62541806e-07 -1.61204013e-07 -1.59866221e-07 -1.58528428e-07
 -1.57190635e-07 -1.55852843e-07 -1.54515050e-07 -1.53177258e-07
 -1.51839465e-07 -1.50501672e-07 -1.49163880e-07 -1.47826087e-07
 -1.46488294e-07 -1.45150502e-07 -1.43812709e-07 -1.42474916e-07
 -1.41137124e-07 -1.39799331e-07 -1.38461538e-07 -1.37123746e-07
 -1.35785953e-07 -1.34448161e-07 -1.33110368e-07 -1.31772575e-07
 -1.30434783e-07 -1.29096990e-07 -1.27759197e-07 -1.26421405e-07
 -1.25083612e-07 -1.23745819e-07 -1.22408027e-07 -1.21070234e-07
 -1.19732441e-07 -1.18394649e-07 -1.17056856e-07 -1.15719064e-07
 -1.14381271e-07 -1.13043478e-07 -1.11705686e-07 -1.10367893e-07
 -1.09030100e-07 -1.07692308e-07 -1.06354515e-07 -1.05016722e-07
 -1.03678930e-07 -1.02341137e-07 -1.01003344e-07 -9.96655518e-08
 -9.83277592e-08 -9.69899666e-08 -9.56521739e-08 -9.43143813e-08
 -9.29765886e-08 -9.16387960e-08 -9.03010033e-08 -8.89632107e-08
 -8.76254181e-08 -8.62876254e-08 -8.49498328e-08 -8.36120401e-08
 -8.22742475e-08 -8.09364548e-08 -7.95986622e-08 -7.82608696e-08
 -7.69230769e-08 -7.55852843e-08 -7.42474916e-08 -7.29096990e-08
 -7.15719064e-08 -7.02341137e-08 -6.88963211e-08 -6.75585284e-08
 -6.62207358e-08 -6.48829431e-08 -6.35451505e-08 -6.22073579e-08
 -6.08695652e-08 -5.95317726e-08 -5.81939799e-08 -5.68561873e-08
 -5.55183946e-08 -5.41806020e-08 -5.28428094e-08 -5.15050167e-08
 -5.01672241e-08 -4.88294314e-08 -4.74916388e-08 -4.61538462e-08
 -4.48160535e-08 -4.34782609e-08 -4.21404682e-08 -4.08026756e-08
 -3.94648829e-08 -3.81270903e-08 -3.67892977e-08 -3.54515050e-08
 -3.41137124e-08 -3.27759197e-08 -3.14381271e-08 -3.01003344e-08
 -2.87625418e-08 -2.74247492e-08 -2.60869565e-08 -2.47491639e-08
 -2.34113712e-08 -2.20735786e-08 -2.07357860e-08 -1.93979933e-08
 -1.80602007e-08 -1.67224080e-08 -1.53846154e-08 -1.40468227e-08
 -1.27090301e-08 -1.13712375e-08 -1.00334448e-08 -8.69565217e-09
 -7.35785953e-09 -6.02006689e-09 -4.68227425e-09 -3.34448161e-09
 -2.00668896e-09 -6.68896321e-10  6.68896321e-10  2.00668896e-09
  3.34448161e-09  4.68227425e-09  6.02006689e-09  7.35785953e-09
  8.69565217e-09  1.00334448e-08  1.13712375e-08  1.27090301e-08
  1.40468227e-08  1.53846154e-08  1.67224080e-08  1.80602007e-08
  1.93979933e-08  2.07357860e-08  2.20735786e-08  2.34113712e-08
  2.47491639e-08  2.60869565e-08  2.74247492e-08  2.87625418e-08
  3.01003344e-08  3.14381271e-08  3.27759197e-08  3.41137124e-08
  3.54515050e-08  3.67892977e-08  3.81270903e-08  3.94648829e-08
  4.08026756e-08  4.21404682e-08  4.34782609e-08  4.48160535e-08
  4.61538462e-08  4.74916388e-08  4.88294314e-08  5.01672241e-08
  5.15050167e-08  5.28428094e-08  5.41806020e-08  5.55183946e-08
  5.68561873e-08  5.81939799e-08  5.95317726e-08  6.08695652e-08
  6.22073579e-08  6.35451505e-08  6.48829431e-08  6.62207358e-08
  6.75585284e-08  6.88963211e-08  7.02341137e-08  7.15719064e-08
  7.29096990e-08  7.42474916e-08  7.55852843e-08  7.69230769e-08
  7.82608696e-08  7.95986622e-08  8.09364548e-08  8.22742475e-08
  8.36120401e-08  8.49498328e-08  8.62876254e-08  8.76254181e-08
  8.89632107e-08  9.03010033e-08  9.16387960e-08  9.29765886e-08
  9.43143813e-08  9.56521739e-08  9.69899666e-08  9.83277592e-08
  9.96655518e-08  1.01003344e-07  1.02341137e-07  1.03678930e-07
  1.05016722e-07  1.06354515e-07  1.07692308e-07  1.09030100e-07
  1.10367893e-07  1.11705686e-07  1.13043478e-07  1.14381271e-07
  1.15719064e-07  1.17056856e-07  1.18394649e-07  1.19732441e-07
  1.21070234e-07  1.22408027e-07  1.23745819e-07  1.25083612e-07
  1.26421405e-07  1.27759197e-07  1.29096990e-07  1.30434783e-07
  1.31772575e-07  1.33110368e-07  1.34448161e-07  1.35785953e-07
  1.37123746e-07  1.38461538e-07  1.39799331e-07  1.41137124e-07
  1.42474916e-07  1.43812709e-07  1.45150502e-07  1.46488294e-07
  1.47826087e-07  1.49163880e-07  1.50501672e-07  1.51839465e-07
  1.53177258e-07  1.54515050e-07  1.55852843e-07  1.57190635e-07
  1.58528428e-07  1.59866221e-07  1.61204013e-07  1.62541806e-07
  1.63879599e-07  1.65217391e-07  1.66555184e-07  1.67892977e-07
  1.69230769e-07  1.70568562e-07  1.71906355e-07  1.73244147e-07
  1.74581940e-07  1.75919732e-07  1.77257525e-07  1.78595318e-07
  1.79933110e-07  1.81270903e-07  1.82608696e-07  1.83946488e-07
  1.85284281e-07  1.86622074e-07  1.87959866e-07  1.89297659e-07
  1.90635452e-07  1.91973244e-07  1.93311037e-07  1.94648829e-07
  1.95986622e-07  1.97324415e-07  1.98662207e-07  2.00000000e-07]
finished loading
[[-3.52697815e-20 -3.52697815e-20 -3.52697815e-20 ... -3.52697815e-20
  -3.52697815e-20 -3.52697815e-20]
 [-3.52697815e-20 -3.52697815e-20 -3.52697815e-20 ... -3.52697815e-20
  -3.52697815e-20 -3.52697815e-20]
 [-3.52697815e-20 -3.52697815e-20 -3.52697815e-20 ... -3.52697815e-20
  -3.52697815e-20 -3.52697815e-20]
 ...
 [-3.52697815e-20 -3.52697815e-20 -3.52697815e-20 ... -3.52697815e-20
  -3.52697815e-20 -3.52697815e-20]
 [-3.52697815e-20 -3.52697815e-20 -3.52697815e-20 ... -3.52697815e-20
  -3.52697815e-20 -3.52697815e-20]
 [-3.52697815e-20 -3.52697815e-20 -3.52697815e-20 ... -3.52697815e-20
  -3.52697815e-20 -3.52697815e-20]] [[[[6.59491979e-09 2.99307316e-08 1.59545772e-08 ... 1.25324081e-08
    7.06334937e-08 1.44773935e-08]
   [6.59491979e-09 2.99307316e-08 1.59545772e-08 ... 1.25324081e-08
    7.06334937e-08 1.44773935e-08]
   [6.59491979e-09 2.99307316e-08 1.59545772e-08 ... 1.25324081e-08
    7.06334937e-08 1.44773935e-08]
   ...
   [3.52158661e-08 3.34878895e-08 3.59103805e-08 ... 2.53233353e-08
    3.68327366e-08 5.31281135e-08]
   [3.52158661e-08 3.34878895e-08 3.59103805e-08 ... 2.53233353e-08
    3.68327366e-08 5.31281135e-08]
   [3.52158661e-08 3.34878895e-08 3.59103805e-08 ... 2.53233353e-08
    3.68327366e-08 5.31281135e-08]]

  [[1.06234920e-07 5.16533349e-08 3.45157110e-08 ... 5.25832498e-08
    6.79562271e-08 1.12828890e-08]
   [1.06234920e-07 5.16533349e-08 3.45157110e-08 ... 5.25832498e-08
    6.79562271e-08 1.12828890e-08]
   [1.06234920e-07 5.16533349e-08 3.45157110e-08 ... 5.25832498e-08
    6.79562271e-08 1.12828890e-08]
   ...
   [6.12981433e-08 7.27611118e-08 9.53581023e-08 ... 3.04059002e-08
    1.53013681e-08 5.17776506e-08]
   [6.12981433e-08 7.27611118e-08 9.53581023e-08 ... 3.04059002e-08
    1.53013681e-08 5.17776506e-08]
   [6.12981433e-08 7.27611118e-08 9.53581023e-08 ... 3.04059002e-08
    1.53013681e-08 5.17776506e-08]]

  [[8.75945775e-08 1.08399552e-07 6.25037095e-08 ... 9.61313223e-08
    4.22001621e-08 3.30385576e-08]
   [8.75945775e-08 1.08399552e-07 6.25037095e-08 ... 9.61313223e-08
    4.22001621e-08 3.30385576e-08]
   [8.75945775e-08 1.08399552e-07 6.25037095e-08 ... 9.61313223e-08
    4.22001621e-08 3.30385576e-08]
   ...
   [9.42577620e-08 5.59240965e-08 1.58982078e-07 ... 1.32024111e-07
    3.51602533e-08 7.76524768e-08]
   [9.42577620e-08 5.59240965e-08 1.58982078e-07 ... 1.32024111e-07
    3.51602533e-08 7.76524768e-08]
   [9.42577620e-08 5.59240965e-08 1.58982078e-07 ... 1.32024111e-07
    3.51602533e-08 7.76524768e-08]]

  ...

  [[7.05445900e-08 8.76192391e-08 6.43716599e-08 ... 1.14864532e-07
    6.48865920e-08 6.41309540e-08]
   [7.05445900e-08 8.76192391e-08 6.43716599e-08 ... 1.14864532e-07
    6.48865920e-08 6.41309540e-08]
   [7.05445900e-08 8.76192391e-08 6.43716599e-08 ... 1.14864532e-07
    6.48865920e-08 6.41309540e-08]
   ...
   [1.02909038e-07 5.17898742e-08 8.39063680e-08 ... 9.33259859e-08
    8.47722321e-08 8.61239480e-08]
   [1.02909038e-07 5.17898742e-08 8.39063680e-08 ... 9.33259859e-08
    8.47722321e-08 8.61239480e-08]
   [1.02909038e-07 5.17898742e-08 8.39063680e-08 ... 9.33259859e-08
    8.47722321e-08 8.61239480e-08]]

  [[5.78858293e-08 6.81337454e-08 2.43382483e-08 ... 1.16201700e-07
    1.25090414e-07 5.66986706e-08]
   [5.78858293e-08 6.81337454e-08 2.43382483e-08 ... 1.16201700e-07
    1.25090414e-07 5.66986706e-08]
   [5.78858293e-08 6.81337454e-08 2.43382483e-08 ... 1.16201700e-07
    1.25090414e-07 5.66986706e-08]
   ...
   [9.37259711e-08 4.15117077e-08 7.32842370e-09 ... 2.98094474e-08
    1.37262419e-07 6.40752410e-08]
   [9.37259711e-08 4.15117077e-08 7.32842370e-09 ... 2.98094474e-08
    1.37262419e-07 6.40752410e-08]
   [9.37259711e-08 4.15117077e-08 7.32842370e-09 ... 2.98094474e-08
    1.37262419e-07 6.40752410e-08]]

  [[2.87689079e-08 2.32089137e-08 2.35129010e-09 ... 2.60494272e-08
    6.61179567e-08 5.08381972e-09]
   [2.87689079e-08 2.32089137e-08 2.35129010e-09 ... 2.60494272e-08
    6.61179567e-08 5.08381972e-09]
   [2.87689079e-08 2.32089137e-08 2.35129010e-09 ... 2.60494272e-08
    6.61179567e-08 5.08381972e-09]
   ...
   [2.97577354e-08 5.94502035e-08 1.17638568e-08 ... 2.82119204e-08
    3.69823689e-08 2.91253355e-09]
   [2.97577354e-08 5.94502035e-08 1.17638568e-08 ... 2.82119204e-08
    3.69823689e-08 2.91253355e-09]
   [2.97577354e-08 5.94502035e-08 1.17638568e-08 ... 2.82119204e-08
    3.69823689e-08 2.91253355e-09]]]


 [[[5.65012645e-08 3.11501396e-08 4.89254217e-08 ... 3.29558610e-08
    6.16249289e-08 6.74484406e-08]
   [5.65012645e-08 3.11501396e-08 4.89254217e-08 ... 3.29558610e-08
    6.16249289e-08 6.74484406e-08]
   [5.65012645e-08 3.11501396e-08 4.89254217e-08 ... 3.29558610e-08
    6.16249289e-08 6.74484406e-08]
   ...
   [8.11081196e-09 5.93928203e-08 3.56878070e-08 ... 1.38400135e-08
    3.15234196e-08 8.65712628e-08]
   [8.11081196e-09 5.93928203e-08 3.56878070e-08 ... 1.38400135e-08
    3.15234196e-08 8.65712628e-08]
   [8.11081196e-09 5.93928203e-08 3.56878070e-08 ... 1.38400135e-08
    3.15234196e-08 8.65712628e-08]]

  [[1.07043086e-07 8.73001764e-08 8.83107849e-08 ... 9.57620567e-08
    6.00182165e-09 1.43386738e-07]
   [1.07043086e-07 8.73001764e-08 8.83107849e-08 ... 9.57620567e-08
    6.00182165e-09 1.43386738e-07]
   [1.07043086e-07 8.73001764e-08 8.83107849e-08 ... 9.57620567e-08
    6.00182165e-09 1.43386738e-07]
   ...
   [6.23586738e-08 1.30743531e-07 1.36046354e-07 ... 1.27797585e-07
    5.98490700e-08 1.49915366e-07]
   [6.23586738e-08 1.30743531e-07 1.36046354e-07 ... 1.27797585e-07
    5.98490700e-08 1.49915366e-07]
   [6.23586738e-08 1.30743531e-07 1.36046354e-07 ... 1.27797585e-07
    5.98490700e-08 1.49915366e-07]]

  [[1.75619780e-07 1.61189937e-07 1.24126771e-07 ... 1.49009555e-07
    1.07227033e-07 1.20745316e-07]
   [1.75619780e-07 1.61189937e-07 1.24126771e-07 ... 1.49009555e-07
    1.07227033e-07 1.20745316e-07]
   [1.75619780e-07 1.61189937e-07 1.24126771e-07 ... 1.49009555e-07
    1.07227033e-07 1.20745316e-07]
   ...
   [2.25982419e-07 1.92266707e-07 2.18950344e-07 ... 9.04269349e-08
    1.02536921e-07 1.67466881e-07]
   [2.25982419e-07 1.92266707e-07 2.18950344e-07 ... 9.04269349e-08
    1.02536921e-07 1.67466881e-07]
   [2.25982419e-07 1.92266707e-07 2.18950344e-07 ... 9.04269349e-08
    1.02536921e-07 1.67466881e-07]]

  ...

  [[1.61625691e-07 1.51496858e-07 1.02932975e-07 ... 1.91213857e-07
    1.97537261e-07 1.30837052e-07]
   [1.61625691e-07 1.51496858e-07 1.02932975e-07 ... 1.91213857e-07
    1.97537261e-07 1.30837052e-07]
   [1.61625691e-07 1.51496858e-07 1.02932975e-07 ... 1.91213857e-07
    1.97537261e-07 1.30837052e-07]
   ...
   [2.29990758e-07 1.69440414e-07 2.17726316e-07 ... 9.98542564e-08
    2.22891521e-07 1.70248530e-07]
   [2.29990758e-07 1.69440414e-07 2.17726316e-07 ... 9.98542564e-08
    2.22891521e-07 1.70248530e-07]
   [2.29990758e-07 1.69440414e-07 2.17726316e-07 ... 9.98542564e-08
    2.22891521e-07 1.70248530e-07]]

  [[1.48145935e-07 1.68237941e-07 3.46840815e-08 ... 9.15610065e-08
    1.73286047e-07 6.49446108e-08]
   [1.48145935e-07 1.68237941e-07 3.46840815e-08 ... 9.15610065e-08
    1.73286047e-07 6.49446108e-08]
   [1.48145935e-07 1.68237941e-07 3.46840815e-08 ... 9.15610065e-08
    1.73286047e-07 6.49446108e-08]
   ...
   [1.17552020e-07 6.04537128e-08 6.80557375e-08 ... 8.23335712e-08
    9.74918745e-08 1.09567929e-07]
   [1.17552020e-07 6.04537128e-08 6.80557375e-08 ... 8.23335712e-08
    9.74918745e-08 1.09567929e-07]
   [1.17552020e-07 6.04537128e-08 6.80557375e-08 ... 8.23335712e-08
    9.74918745e-08 1.09567929e-07]]

  [[8.64305234e-08 8.86003642e-08 2.78817462e-08 ... 5.67304120e-08
    7.39145951e-08 5.63423787e-08]
   [8.64305234e-08 8.86003642e-08 2.78817462e-08 ... 5.67304120e-08
    7.39145951e-08 5.63423787e-08]
   [8.64305234e-08 8.86003642e-08 2.78817462e-08 ... 5.67304120e-08
    7.39145951e-08 5.63423787e-08]
   ...
   [7.49223815e-08 1.00196369e-08 5.07216823e-08 ... 4.83263332e-09
    7.51682852e-08 4.30126493e-08]
   [7.49223815e-08 1.00196369e-08 5.07216823e-08 ... 4.83263332e-09
    7.51682852e-08 4.30126493e-08]
   [7.49223815e-08 1.00196369e-08 5.07216823e-08 ... 4.83263332e-09
    7.51682852e-08 4.30126493e-08]]]


 [[[3.26156908e-08 5.95546646e-08 7.57866204e-08 ... 1.20660240e-09
    4.52992538e-08 1.20424612e-07]
   [3.26156908e-08 5.95546646e-08 7.57866204e-08 ... 1.20660240e-09
    4.52992538e-08 1.20424612e-07]
   [3.26156908e-08 5.95546646e-08 7.57866204e-08 ... 1.20660240e-09
    4.52992538e-08 1.20424612e-07]
   ...
   [1.11081464e-08 1.04206651e-07 1.17364232e-07 ... 8.03591689e-08
    1.39646507e-08 1.13696068e-07]
   [1.11081464e-08 1.04206651e-07 1.17364232e-07 ... 8.03591689e-08
    1.39646507e-08 1.13696068e-07]
   [1.11081464e-08 1.04206651e-07 1.17364232e-07 ... 8.03591689e-08
    1.39646507e-08 1.13696068e-07]]

  [[1.17383911e-07 1.60610077e-07 9.98183477e-08 ... 8.15849400e-08
    1.01964133e-07 1.48727697e-07]
   [1.17383911e-07 1.60610077e-07 9.98183477e-08 ... 8.15849400e-08
    1.01964133e-07 1.48727697e-07]
   [1.17383911e-07 1.60610077e-07 9.98183477e-08 ... 8.15849400e-08
    1.01964133e-07 1.48727697e-07]
   ...
   [1.09378498e-07 2.25509971e-07 2.00325667e-07 ... 7.54273622e-08
    5.92468055e-08 1.94620312e-07]
   [1.09378498e-07 2.25509971e-07 2.00325667e-07 ... 7.54273622e-08
    5.92468055e-08 1.94620312e-07]
   [1.09378498e-07 2.25509971e-07 2.00325667e-07 ... 7.54273622e-08
    5.92468055e-08 1.94620312e-07]]

  [[2.83322239e-07 2.55435449e-07 2.45742536e-07 ... 2.03799173e-07
    3.24362012e-07 2.40142473e-07]
   [2.83322239e-07 2.55435449e-07 2.45742536e-07 ... 2.03799173e-07
    3.24362012e-07 2.40142473e-07]
   [2.83322239e-07 2.55435449e-07 2.45742536e-07 ... 2.03799173e-07
    3.24362012e-07 2.40142473e-07]
   ...
   [2.60897193e-07 3.16753590e-07 3.15908999e-07 ... 2.62742169e-07
    2.61709994e-07 2.14333451e-07]
   [2.60897193e-07 3.16753590e-07 3.15908999e-07 ... 2.62742169e-07
    2.61709994e-07 2.14333451e-07]
   [2.60897193e-07 3.16753590e-07 3.15908999e-07 ... 2.62742169e-07
    2.61709994e-07 2.14333451e-07]]

  ...

  [[2.79230785e-07 3.34000571e-07 1.75080536e-07 ... 1.87300696e-07
    3.24642894e-07 1.87304583e-07]
   [2.79230785e-07 3.34000571e-07 1.75080536e-07 ... 1.87300696e-07
    3.24642894e-07 1.87304583e-07]
   [2.79230785e-07 3.34000571e-07 1.75080536e-07 ... 1.87300696e-07
    3.24642894e-07 1.87304583e-07]
   ...
   [2.61424457e-07 2.94157984e-07 2.86970105e-07 ... 2.25456966e-07
    2.01442043e-07 2.64151240e-07]
   [2.61424457e-07 2.94157984e-07 2.86970105e-07 ... 2.25456966e-07
    2.01442043e-07 2.64151240e-07]
   [2.61424457e-07 2.94157984e-07 2.86970105e-07 ... 2.25456966e-07
    2.01442043e-07 2.64151240e-07]]

  [[1.87601259e-07 2.09317545e-07 4.39007595e-08 ... 1.03699594e-07
    1.47999471e-07 1.70254702e-07]
   [1.87601259e-07 2.09317545e-07 4.39007595e-08 ... 1.03699594e-07
    1.47999471e-07 1.70254702e-07]
   [1.87601259e-07 2.09317545e-07 4.39007595e-08 ... 1.03699594e-07
    1.47999471e-07 1.70254702e-07]
   ...
   [1.94016541e-07 1.06950914e-07 1.23537343e-07 ... 5.47898706e-08
    1.88472725e-07 1.87350397e-07]
   [1.94016541e-07 1.06950914e-07 1.23537343e-07 ... 5.47898706e-08
    1.88472725e-07 1.87350397e-07]
   [1.94016541e-07 1.06950914e-07 1.23537343e-07 ... 5.47898706e-08
    1.88472725e-07 1.87350397e-07]]

  [[7.22207186e-08 9.82838538e-08 2.10758084e-08 ... 9.93848926e-09
    1.51415093e-07 3.39840432e-08]
   [7.22207186e-08 9.82838538e-08 2.10758084e-08 ... 9.93848926e-09
    1.51415093e-07 3.39840432e-08]
   [7.22207186e-08 9.82838538e-08 2.10758084e-08 ... 9.93848926e-09
    1.51415093e-07 3.39840432e-08]
   ...
   [5.89888820e-08 3.65848827e-08 4.47711646e-08 ... 8.08619310e-08
    9.61386569e-08 5.74779993e-08]
   [5.89888820e-08 3.65848827e-08 4.47711646e-08 ... 8.08619310e-08
    9.61386569e-08 5.74779993e-08]
   [5.89888820e-08 3.65848827e-08 4.47711646e-08 ... 8.08619310e-08
    9.61386569e-08 5.74779993e-08]]]


 ...


 [[[6.45112384e-08 1.95189656e-08 2.15138109e-09 ... 1.32289230e-07
    1.24031813e-07 1.38093232e-08]
   [6.45112384e-08 1.95189656e-08 2.15138109e-09 ... 1.32289230e-07
    1.24031813e-07 1.38093232e-08]
   [6.45112384e-08 1.95189656e-08 2.15138109e-09 ... 1.32289230e-07
    1.24031813e-07 1.38093232e-08]
   ...
   [6.34100362e-08 5.69584254e-08 4.58744391e-08 ... 6.98404897e-08
    3.31313889e-08 7.48464329e-08]
   [6.34100362e-08 5.69584254e-08 4.58744391e-08 ... 6.98404897e-08
    3.31313889e-08 7.48464329e-08]
   [6.34100362e-08 5.69584254e-08 4.58744391e-08 ... 6.98404897e-08
    3.31313889e-08 7.48464329e-08]]

  [[1.50078553e-07 5.58521489e-08 2.09395473e-07 ... 2.25465899e-07
    1.80136985e-07 2.11963727e-07]
   [1.50078553e-07 5.58521489e-08 2.09395473e-07 ... 2.25465899e-07
    1.80136985e-07 2.11963727e-07]
   [1.50078553e-07 5.58521489e-08 2.09395473e-07 ... 2.25465899e-07
    1.80136985e-07 2.11963727e-07]
   ...
   [1.45256791e-07 1.72162474e-07 1.25644982e-07 ... 1.00734914e-07
    1.64143445e-07 1.68798809e-07]
   [1.45256791e-07 1.72162474e-07 1.25644982e-07 ... 1.00734914e-07
    1.64143445e-07 1.68798809e-07]
   [1.45256791e-07 1.72162474e-07 1.25644982e-07 ... 1.00734914e-07
    1.64143445e-07 1.68798809e-07]]

  [[2.39387168e-07 9.90643268e-08 1.78104090e-07 ... 2.96861654e-07
    1.94884103e-07 1.58819158e-07]
   [2.39387168e-07 9.90643268e-08 1.78104090e-07 ... 2.96861654e-07
    1.94884103e-07 1.58819158e-07]
   [2.39387168e-07 9.90643268e-08 1.78104090e-07 ... 2.96861654e-07
    1.94884103e-07 1.58819158e-07]
   ...
   [2.60165986e-07 1.91831298e-07 1.86307085e-07 ... 2.03511265e-07
    1.68310725e-07 2.52173264e-07]
   [2.60165986e-07 1.91831298e-07 1.86307085e-07 ... 2.03511265e-07
    1.68310725e-07 2.52173264e-07]
   [2.60165986e-07 1.91831298e-07 1.86307085e-07 ... 2.03511265e-07
    1.68310725e-07 2.52173264e-07]]

  ...

  [[2.53073342e-07 2.75352667e-07 2.19719637e-07 ... 2.73896646e-07
    2.28782531e-07 3.12791251e-07]
   [2.53073342e-07 2.75352667e-07 2.19719637e-07 ... 2.73896646e-07
    2.28782531e-07 3.12791251e-07]
   [2.53073342e-07 2.75352667e-07 2.19719637e-07 ... 2.73896646e-07
    2.28782531e-07 3.12791251e-07]
   ...
   [2.42019242e-07 1.82799374e-07 1.72407567e-07 ... 2.07343279e-07
    3.32098121e-07 1.83263530e-07]
   [2.42019242e-07 1.82799374e-07 1.72407567e-07 ... 2.07343279e-07
    3.32098121e-07 1.83263530e-07]
   [2.42019242e-07 1.82799374e-07 1.72407567e-07 ... 2.07343279e-07
    3.32098121e-07 1.83263530e-07]]

  [[1.43308777e-07 1.33928506e-07 2.27035185e-07 ... 2.30663440e-07
    1.09717740e-07 1.19602992e-07]
   [1.43308777e-07 1.33928506e-07 2.27035185e-07 ... 2.30663440e-07
    1.09717740e-07 1.19602992e-07]
   [1.43308777e-07 1.33928506e-07 2.27035185e-07 ... 2.30663440e-07
    1.09717740e-07 1.19602992e-07]
   ...
   [2.35505777e-07 1.08287876e-07 1.56983357e-07 ... 1.43559854e-07
    3.41458471e-07 1.01769298e-07]
   [2.35505777e-07 1.08287876e-07 1.56983357e-07 ... 1.43559854e-07
    3.41458471e-07 1.01769298e-07]
   [2.35505777e-07 1.08287876e-07 1.56983357e-07 ... 1.43559854e-07
    3.41458471e-07 1.01769298e-07]]

  [[6.25006319e-08 5.38435638e-08 8.14160859e-08 ... 1.12053658e-07
    6.91540456e-08 9.73455819e-08]
   [6.25006319e-08 5.38435638e-08 8.14160859e-08 ... 1.12053658e-07
    6.91540456e-08 9.73455819e-08]
   [6.25006319e-08 5.38435638e-08 8.14160859e-08 ... 1.12053658e-07
    6.91540456e-08 9.73455819e-08]
   ...
   [9.23590279e-08 6.68776319e-08 5.63054659e-08 ... 8.75161157e-08
    1.35304939e-07 6.54204243e-08]
   [9.23590279e-08 6.68776319e-08 5.63054659e-08 ... 8.75161157e-08
    1.35304939e-07 6.54204243e-08]
   [9.23590279e-08 6.68776319e-08 5.63054659e-08 ... 8.75161157e-08
    1.35304939e-07 6.54204243e-08]]]


 [[[4.40732246e-08 1.72346788e-08 6.84772427e-08 ... 6.91219573e-08
    8.60848450e-08 9.76798607e-08]
   [4.40732246e-08 1.72346788e-08 6.84772427e-08 ... 6.91219573e-08
    8.60848450e-08 9.76798607e-08]
   [4.40732246e-08 1.72346788e-08 6.84772427e-08 ... 6.91219573e-08
    8.60848450e-08 9.76798607e-08]
   ...
   [3.12928936e-09 2.84423476e-08 4.56377736e-08 ... 9.70648649e-09
    3.70463596e-08 4.61273292e-08]
   [3.12928936e-09 2.84423476e-08 4.56377736e-08 ... 9.70648649e-09
    3.70463596e-08 4.61273292e-08]
   [3.12928936e-09 2.84423476e-08 4.56377736e-08 ... 9.70648649e-09
    3.70463596e-08 4.61273292e-08]]

  [[1.01803776e-07 1.37715963e-08 4.87398271e-08 ... 1.18859372e-07
    4.01015960e-08 3.50425141e-08]
   [1.01803776e-07 1.37715963e-08 4.87398271e-08 ... 1.18859372e-07
    4.01015960e-08 3.50425141e-08]
   [1.01803776e-07 1.37715963e-08 4.87398271e-08 ... 1.18859372e-07
    4.01015960e-08 3.50425141e-08]
   ...
   [6.25533577e-08 4.87637969e-08 4.94091857e-08 ... 6.05584243e-08
    2.10222206e-08 7.70011060e-08]
   [6.25533577e-08 4.87637969e-08 4.94091857e-08 ... 6.05584243e-08
    2.10222206e-08 7.70011060e-08]
   [6.25533577e-08 4.87637969e-08 4.94091857e-08 ... 6.05584243e-08
    2.10222206e-08 7.70011060e-08]]

  [[1.79152943e-07 8.12441933e-08 1.57495968e-07 ... 1.41688776e-07
    7.07666497e-08 2.29182073e-07]
   [1.79152943e-07 8.12441933e-08 1.57495968e-07 ... 1.41688776e-07
    7.07666497e-08 2.29182073e-07]
   [1.79152943e-07 8.12441933e-08 1.57495968e-07 ... 1.41688776e-07
    7.07666497e-08 2.29182073e-07]
   ...
   [1.92207981e-07 1.10363337e-07 1.26894583e-07 ... 9.89593599e-08
    1.10386482e-07 1.45706878e-07]
   [1.92207981e-07 1.10363337e-07 1.26894583e-07 ... 9.89593599e-08
    1.10386482e-07 1.45706878e-07]
   [1.92207981e-07 1.10363337e-07 1.26894583e-07 ... 9.89593599e-08
    1.10386482e-07 1.45706878e-07]]

  ...

  [[1.66127977e-07 1.09880500e-07 1.85111500e-07 ... 1.30782921e-07
    1.38233875e-07 1.69695249e-07]
   [1.66127977e-07 1.09880500e-07 1.85111500e-07 ... 1.30782921e-07
    1.38233875e-07 1.69695249e-07]
   [1.66127977e-07 1.09880500e-07 1.85111500e-07 ... 1.30782921e-07
    1.38233875e-07 1.69695249e-07]
   ...
   [1.51285174e-07 1.80641337e-07 1.06029772e-07 ... 1.35200274e-07
    2.75975011e-07 1.14947257e-07]
   [1.51285174e-07 1.80641337e-07 1.06029772e-07 ... 1.35200274e-07
    2.75975011e-07 1.14947257e-07]
   [1.51285174e-07 1.80641337e-07 1.06029772e-07 ... 1.35200274e-07
    2.75975011e-07 1.14947257e-07]]

  [[1.08970237e-07 3.99183607e-08 1.14986172e-07 ... 1.30639366e-07
    5.61028223e-08 1.09444668e-07]
   [1.08970237e-07 3.99183607e-08 1.14986172e-07 ... 1.30639366e-07
    5.61028223e-08 1.09444668e-07]
   [1.08970237e-07 3.99183607e-08 1.14986172e-07 ... 1.30639366e-07
    5.61028223e-08 1.09444668e-07]
   ...
   [1.07721255e-07 7.87177178e-08 6.18084621e-08 ... 2.21480723e-08
    1.90629915e-07 4.76937301e-08]
   [1.07721255e-07 7.87177178e-08 6.18084621e-08 ... 2.21480723e-08
    1.90629915e-07 4.76937301e-08]
   [1.07721255e-07 7.87177178e-08 6.18084621e-08 ... 2.21480723e-08
    1.90629915e-07 4.76937301e-08]]

  [[4.17365869e-08 2.26361013e-08 1.30998585e-07 ... 1.18974516e-07
    4.25524303e-08 4.97550327e-08]
   [4.17365869e-08 2.26361013e-08 1.30998585e-07 ... 1.18974516e-07
    4.25524303e-08 4.97550327e-08]
   [4.17365869e-08 2.26361013e-08 1.30998585e-07 ... 1.18974516e-07
    4.25524303e-08 4.97550327e-08]
   ...
   [1.20712541e-07 1.94412939e-08 4.84628056e-08 ... 8.06489996e-09
    1.45076762e-07 3.33125342e-08]
   [1.20712541e-07 1.94412939e-08 4.84628056e-08 ... 8.06489996e-09
    1.45076762e-07 3.33125342e-08]
   [1.20712541e-07 1.94412939e-08 4.84628056e-08 ... 8.06489996e-09
    1.45076762e-07 3.33125342e-08]]]


 [[[4.95771408e-09 2.94309083e-08 1.42757098e-08 ... 1.01031711e-09
    1.64290147e-08 9.43907501e-09]
   [4.95771408e-09 2.94309083e-08 1.42757098e-08 ... 1.01031711e-09
    1.64290147e-08 9.43907501e-09]
   [4.95771408e-09 2.94309083e-08 1.42757098e-08 ... 1.01031711e-09
    1.64290147e-08 9.43907501e-09]
   ...
   [9.28888310e-09 4.52591181e-08 7.06393484e-09 ... 2.33206391e-08
    1.93293013e-08 4.61525616e-09]
   [9.28888310e-09 4.52591181e-08 7.06393484e-09 ... 2.33206391e-08
    1.93293013e-08 4.61525616e-09]
   [9.28888310e-09 4.52591181e-08 7.06393484e-09 ... 2.33206391e-08
    1.93293013e-08 4.61525616e-09]]

  [[4.26611106e-08 9.33589596e-09 2.11886025e-08 ... 1.15306179e-08
    3.85436371e-08 1.20199213e-07]
   [4.26611106e-08 9.33589596e-09 2.11886025e-08 ... 1.15306179e-08
    3.85436371e-08 1.20199213e-07]
   [4.26611106e-08 9.33589596e-09 2.11886025e-08 ... 1.15306179e-08
    3.85436371e-08 1.20199213e-07]
   ...
   [4.66971144e-08 6.31838992e-09 2.91136196e-08 ... 5.34817734e-09
    1.70031110e-08 5.13116848e-08]
   [4.66971144e-08 6.31838992e-09 2.91136196e-08 ... 5.34817734e-09
    1.70031110e-08 5.13116848e-08]
   [4.66971144e-08 6.31838992e-09 2.91136196e-08 ... 5.34817734e-09
    1.70031110e-08 5.13116848e-08]]

  [[9.09329971e-08 2.59073112e-08 4.16272973e-08 ... 4.32510412e-08
    6.90307039e-08 8.78559315e-08]
   [9.09329971e-08 2.59073112e-08 4.16272973e-08 ... 4.32510412e-08
    6.90307039e-08 8.78559315e-08]
   [9.09329971e-08 2.59073112e-08 4.16272973e-08 ... 4.32510412e-08
    6.90307039e-08 8.78559315e-08]
   ...
   [1.11509512e-07 9.48309315e-08 5.17340174e-08 ... 5.12157482e-08
    4.52539651e-08 8.90583169e-08]
   [1.11509512e-07 9.48309315e-08 5.17340174e-08 ... 5.12157482e-08
    4.52539651e-08 8.90583169e-08]
   [1.11509512e-07 9.48309315e-08 5.17340174e-08 ... 5.12157482e-08
    4.52539651e-08 8.90583169e-08]]

  ...

  [[1.20969247e-07 8.18914634e-08 9.18888584e-08 ... 5.69808690e-08
    8.10388975e-08 9.11002667e-08]
   [1.20969247e-07 8.18914634e-08 9.18888584e-08 ... 5.69808690e-08
    8.10388975e-08 9.11002667e-08]
   [1.20969247e-07 8.18914634e-08 9.18888584e-08 ... 5.69808690e-08
    8.10388975e-08 9.11002667e-08]
   ...
   [6.30411446e-08 1.55581137e-07 4.04169042e-08 ... 4.81459825e-08
    9.75703989e-08 4.00816409e-08]
   [6.30411446e-08 1.55581137e-07 4.04169042e-08 ... 4.81459825e-08
    9.75703989e-08 4.00816409e-08]
   [6.30411446e-08 1.55581137e-07 4.04169042e-08 ... 4.81459825e-08
    9.75703989e-08 4.00816409e-08]]

  [[4.79398742e-08 3.92276350e-08 1.06216573e-07 ... 2.77936970e-08
    1.40185760e-09 5.47421703e-08]
   [4.79398742e-08 3.92276350e-08 1.06216573e-07 ... 2.77936970e-08
    1.40185760e-09 5.47421703e-08]
   [4.79398742e-08 3.92276350e-08 1.06216573e-07 ... 2.77936970e-08
    1.40185760e-09 5.47421703e-08]
   ...
   [9.04112215e-08 1.13378974e-07 3.76353144e-08 ... 3.29597894e-08
    1.15735503e-07 1.46626884e-08]
   [9.04112215e-08 1.13378974e-07 3.76353144e-08 ... 3.29597894e-08
    1.15735503e-07 1.46626884e-08]
   [9.04112215e-08 1.13378974e-07 3.76353144e-08 ... 3.29597894e-08
    1.15735503e-07 1.46626884e-08]]

  [[7.34460653e-08 1.75021802e-09 3.61493422e-08 ... 2.88375861e-08
    5.30993763e-08 1.31868536e-08]
   [7.34460653e-08 1.75021802e-09 3.61493422e-08 ... 2.88375861e-08
    5.30993763e-08 1.31868536e-08]
   [7.34460653e-08 1.75021802e-09 3.61493422e-08 ... 2.88375861e-08
    5.30993763e-08 1.31868536e-08]
   ...
   [5.18447918e-08 5.21411264e-08 4.14459709e-08 ... 3.09090098e-11
    3.59018692e-08 8.11118645e-09]
   [5.18447918e-08 5.21411264e-08 4.14459709e-08 ... 3.09090098e-11
    3.59018692e-08 8.11118645e-09]
   [5.18447918e-08 5.21411264e-08 4.14459709e-08 ... 3.09090098e-11
    3.59018692e-08 8.11118645e-09]]]]
